{
    "Calculation_Info": {
        "Charge": 0,
        "Mult": 3,
        "NumOfAtoms": 12,
        "NumOfAuxCBasisFuncts": 0,
        "NumOfAuxJBasisFuncts": 360,
        "NumOfAuxJKBasisFuncts": 0,
        "NumOfBasisFuncts": 228,
        "NumOfCABSBasisFuncts": 0,
        "NumOfElectrons": 60
    },
    "Calculation_Status": {
        "Status": "NORMAL TERMINATION",
        "progName": "LeanSCF",
        "version": "6.1.1"
    },
    "Calculation_Timings": {
        "GTOINT": 0.5960000000000001,
        "PROP": 14.313999999999993,
        "PROPINT": 76.626,
        "RESPONSE": 79.62800000000001,
        "SCF": 14.283999999999999,
        "SUM": 185.448
    },
    "Geometries": [
        {
            "DFT_Energy": {
                "eCNL": 0.0,
                "eCorr": -1.92085409364151,
                "eExchange": -46.8390661664812,
                "eXC": -48.75992026012271,
                "finalEn": -297.78452985700216,
                "nAlphaEl": 31,
                "nBetaEl": 29,
                "nTotalEl": 60
            },
            "Dipole_Moment": [
                {
                    "Irrep": 0,
                    "Level": "Relaxed density",
                    "Method": "SCF",
                    "Mult": 3,
                    "State": -1,
                    "dipoleElecContrib": [
                        [
                            -0.4009414706411633
                        ],
                        [
                            0.0011142001556998023
                        ],
                        [
                            -7.071288752801518e-05
                        ]
                    ],
                    "dipoleMagnitude": 0.4009430250323891,
                    "dipoleNucContrib": [
                        [
                            0.0
                        ],
                        [
                            0.0
                        ],
                        [
                            0.0
                        ]
                    ],
                    "dipoleTotal": [
                        [
                            -0.40094147064106916
                        ],
                        [
                            0.0011142001557957256
                        ],
                        [
                            -7.07128875351206e-05
                        ]
                    ],
                    "doAtomicDipole": false
                }
            ],
            "Energy": [
                {
                    "Method": "SCF",
                    "Mult": [
                        [
                            3
                        ]
                    ],
                    "totalEnergy": [
                        [
                            -297.78452985700216
                        ]
                    ]
                }
            ],
            "Geometry": {
                "Coordinates": {
                    "Cartesians": [
                        [
                            "B",
                            3.806038716104,
                            1.102607264,
                            1.113005410263
                        ],
                        [
                            "B",
                            1.175044270025,
                            2.03391777075,
                            2.036728177973
                        ],
                        [
                            "B",
                            -1.84149926186,
                            1.503226045411,
                            1.498137666789
                        ],
                        [
                            "B",
                            -3.799077118758,
                            -1.055305699584,
                            1.0682353898
                        ],
                        [
                            "B",
                            -1.144106233109,
                            -1.94615653159,
                            1.950722503999
                        ],
                        [
                            "B",
                            1.80751673367,
                            -1.347503112919,
                            1.341373691282
                        ],
                        [
                            "B",
                            3.79836766764,
                            -1.126129301606,
                            -1.115556457871
                        ],
                        [
                            "B",
                            1.814789238311,
                            1.336121487308,
                            -1.342457554631
                        ],
                        [
                            "B",
                            -1.133242957101,
                            1.953673661942,
                            -1.94961217383
                        ],
                        [
                            "B",
                            -3.793008067304,
                            1.078622378369,
                            -1.065932551762
                        ],
                        [
                            "B",
                            -1.851956415181,
                            -1.492152446072,
                            -1.496984164092
                        ],
                        [
                            "B",
                            1.161133427563,
                            -2.04092151601,
                            -2.037659937921
                        ]
                    ],
                    "Type": "Cartesians",
                    "Units": "a.u."
                },
                "NAtoms": 12,
                "NCorelessECP": 0,
                "NGhostAtoms": 0
            },
            "Hessian": {
                "HESSIAN": [
                    [
                        0.28734995736632685,
                        -0.008120266532317504,
                        -0.007641009369732022,
                        -0.16702735589268652,
                        0.055326752859777076,
                        0.05487883257385931,
                        -0.012063110048979322,
                        -0.00543659120608829,
                        -0.005457911467650622,
                        -0.0082980570890904,
                        0.003848068672021185,
                        -9.362961535686054e-05,
                        -0.002096555980194225,
                        -0.00046297873599373575,
                        -0.0005964113822388602,
                        -0.04365354619422261,
                        -0.04942875729049641,
                        -0.001241500509615856,
                        0.005285688500286823,
                        0.00928524539961293,
                        0.009305481480383376,
                        -0.043318201403411555,
                        -0.0011917617737431108,
                        -0.04933159705706336,
                        -0.002084911689300818,
                        -0.0005761652148175492,
                        -0.000444783609501934,
                        -0.008301693910764268,
                        -5.7779338791939805e-05,
                        0.0038251528927990344,
                        0.014529862735429213,
                        -0.00082739147231424,
                        -0.0008001814871258506,
                        -0.02032207639339316,
                        -0.0023292286061327187,
                        -0.002373613337135241
                    ],
                    [
                        -0.008120266532317504,
                        0.19018278019695567,
                        0.07100985091247952,
                        0.06876999778713998,
                        -0.029001959791770837,
                        -0.020833371291817917,
                        0.0026274981375776062,
                        -0.00023780567401447683,
                        0.0048262976105257135,
                        0.001784902484729057,
                        -0.0005930958402448551,
                        -0.001410513185418856,
                        0.0018816089005816439,
                        0.001629626859125738,
                        -0.005889559670412314,
                        -0.06681713646965327,
                        -0.07443107446400114,
                        0.009726709697426096,
                        -0.009743351054115015,
                        -0.06270782294442481,
                        -0.05969097483458717,
                        0.011059242738753007,
                        -0.011777941820125024,
                        0.00871330395613655,
                        0.005083370011822291,
                        -0.0014419148111895139,
                        0.009898195197907834,
                        0.0031814136248992583,
                        0.0032842950226351555,
                        -0.00046887040184642216,
                        -0.000835585332054252,
                        -0.0033175953308167833,
                        -0.008291283261383266,
                        -0.008900841058078493,
                        -0.011587491402129148,
                        -0.007589888478073351
                    ],
                    [
                        -0.007641009369732022,
                        0.07100985091247952,
                        0.1901329418154699,
                        0.06832661188259455,
                        -0.020871470812532444,
                        -0.028654461732386907,
                        0.0026077975228799895,
                        0.004802787427402306,
                        -0.0002453427697230448,
                        0.003149236297834701,
                        -0.00046691825906456166,
                        0.003292230422826778,
                        0.00510794999005909,
                        0.00988170520237813,
                        -0.0014318637566341982,
                        0.011005681644437184,
                        0.008556086465482698,
                        -0.011754521770613945,
                        -0.009722216174829226,
                        -0.05963234334356142,
                        -0.06269879618799881,
                        -0.06672070113154353,
                        0.009897068230693463,
                        -0.074758908097736,
                        0.0018540867847492287,
                        -0.005896524249436194,
                        0.0016333671837100439,
                        0.0017598649484956569,
                        -0.0014151951284953196,
                        -0.0005783141947527902,
                        -0.0008092343241346694,
                        -0.008291378043385998,
                        -0.0033188707170024034,
                        -0.008946897182432065,
                        -0.0075735646528965975,
                        -0.011617460195158644
                    ],
                    [
                        -0.16702735589268652,
                        0.06876999778713998,
                        0.06832661188259455,
                        0.3487791248014268,
                        -0.04632610277072928,
                        -0.04551326280762454,
                        -0.15499209653606288,
                        -0.02422103422665607,
                        -0.024601588511340124,
                        0.00044237621210281835,
                        -0.001369245417519701,
                        -0.005626002787286626,
                        -0.001622907171784066,
                        0.006891971142147735,
                        -0.0026255718372080756,
                        0.0021114037925683143,
                        -0.0029917596770737756,
                        0.00658354641233693,
                        -0.020257876725313068,
                        0.008952563211926903,
                        0.008903086195417437,
                        0.0020984185460927035,
                        0.00659142049063707,
                        -0.0028908202516000625,
                        -0.0016463639034192193,
                        -0.0026003781037086554,
                        0.006894722330824044,
                        0.0004247780812539725,
                        -0.005607281823927087,
                        -0.0013476723369676858,
                        -0.014025516387390288,
                        -0.006709598900237364,
                        -0.006745656554680779,
                        0.005716015183211447,
                        -0.001249667528266879,
                        -0.0012266104125939216
                    ],
                    [
                        0.055326752859777076,
                        -0.029001959791770837,
                        -0.020871470812532444,
                        -0.04632610277072928,
                        0.10267914888659069,
                        0.05526749305952261,
                        -0.025854716427528072,
                        -0.007988758173564477,
                        -0.0006791821803058297,
                        0.001110224313741498,
                        -0.002224889039337959,
                        -0.008439088845808188,
                        0.0005074058699458973,
                        -0.002452018234485985,
                        -0.005009728915625685,
                        0.012756864594043415,
                        -0.02947507138359813,
                        -0.01504182886828586,
                        0.0023765606549242552,
                        -0.011663591804794177,
                        -0.007631939742742724,
                        0.0021153278584811475,
                        -0.011252588627628825,
                        0.0017531317942938197,
                        0.0005093134255611543,
                        0.002034422516875232,
                        0.0015783694268624781,
                        0.000718353410244091,
                        -0.0003178834247138749,
                        0.0063058295855966465,
                        -0.00454516536245747,
                        -0.0031240124500104445,
                        -0.0025671821855431237,
                        0.0011742973902634133,
                        -0.007212798473561228,
                        -0.004664109267448086
                    ],
                    [
                        0.05487883257385931,
                        -0.020833371291817917,
                        -0.028654461732386907,
                        -0.04551326280762454,
                        0.05526749305952261,
                        0.10243879105641301,
                        -0.026239898408043284,
                        -0.0006773003967422541,
                        -0.008117779869173076,
                        0.0007383079009251154,
                        0.006301444986765685,
                        -0.0003337819878576134,
                        0.0005026254219551225,
                        0.0015988164677855797,
                        0.0020314074330953086,
                        0.002152587850545014,
                        0.001752396035215275,
                        -0.011225283471795723,
                        0.0023325972726263447,
                        -0.007615416937158439,
                        -0.01162993949044644,
                        0.012817561770516864,
                        -0.015072345532024738,
                        -0.029485557339540745,
                        0.000496775795169024,
                        -0.005017122747135413,
                        -0.002430455172325723,
                        0.0010891421071838325,
                        -0.008461284686523976,
                        -0.0022271738899288795,
                        -0.0045828096685862785,
                        -0.0025737368158953236,
                        -0.003153872956708929,
                        0.001196758869602333,
                        -0.0046698651899746944,
                        -0.007211892579344292
                    ],
                    [
                        -0.012063110048979322,
                        0.0026274981375776062,
                        0.0026077975228799895,
                        -0.15499209653606288,
                        -0.025854716427528072,
                        -0.026239898408043284,
                        0.2534771648956623,
                        0.06056556757437524,
                        0.06098365921929788,
                        -0.03589699511650726,
                        -0.047677011849822204,
                        -0.014104569596069752,
                        0.00973436542531795,
                        0.012604120923326714,
                        0.0005770931624072342,
                        -0.009216043286156592,
                        0.0021659290255128597,
                        -0.0010149631402179655,
                        0.014541998171094287,
                        0.0007218221287431173,
                        0.0007473531517215304,
                        -0.009233042888950506,
                        -0.0009864904887226054,
                        0.0021188981609344543,
                        0.009707454594293057,
                        0.0005467650283376112,
                        0.01274744248872536,
                        -0.035725440236512807,
                        -0.013998389398915644,
                        -0.047640962963420505,
                        -0.01638661618326494,
                        0.004738567811795098,
                        0.004708935476119561,
                        -0.013947638789933284,
                        0.004608168776266201,
                        0.004570088239166668
                    ],
                    [
                        -0.00543659120608829,
                        -0.00023780567401447683,
                        0.004802787427402306,
                        -0.02422103422665607,
                        -0.007988758173564477,
                        -0.0006773003967422541,
                        0.06056556757437524,
                        0.13240092131267572,
                        0.04090638636076305,
                        -0.03311056381479078,
                        -0.05374779867290391,
                        -0.015154512296458766,
                        -0.0023455319789343412,
                        -0.03165788235167967,
                        -0.0006319081252071403,
                        0.007396096322989695,
                        0.005959115408978033,
                        -0.007697575965264311,
                        0.0007122455587129373,
                        -0.0033259929989432474,
                        -0.008300041843711213,
                        -0.0003743010048270906,
                        -0.006196297285438683,
                        -0.0005739874409614511,
                        0.003910437079770266,
                        -0.0027540332418118383,
                        0.011421649732504327,
                        -0.009198144609271226,
                        -0.01412675766545407,
                        -0.011517064144647869,
                        -0.004735085307072782,
                        -0.015130825675135226,
                        -0.009969715097301365,
                        0.006775074370846531,
                        -0.003193884982708147,
                        -0.0026091274033742534
                    ],
                    [
                        -0.005457911467650622,
                        0.0048262976105257135,
                        -0.0002453427697230448,
                        -0.024601588511340124,
                        -0.0006791821803058297,
                        -0.008117779869173076,
                        0.06098365921929788,
                        0.04090638636076305,
                        0.13267829509611287,
                        -0.009282493518165753,
                        -0.01162429297090833,
                        -0.014189302325253117,
                        0.003969114355417268,
                        0.011450094897756669,
                        -0.0027383398518384845,
                        -0.0003842126922000283,
                        -0.0005680097052312219,
                        -0.006200520049556582,
                        0.0007386892421304136,
                        -0.008300210176438401,
                        -0.00332244475260432,
                        0.007330565457843566,
                        -0.007721065919704881,
                        0.0059890179513522185,
                        -0.0022360761677326195,
                        -0.0006231152163047272,
                        -0.031599744184167604,
                        -0.03309548145630251,
                        -0.015094829514534211,
                        -0.05396259642165213,
                        -0.004763498567725898,
                        -0.009956139930495466,
                        -0.015129060736191857,
                        0.006738360792927267,
                        -0.0026155240621234116,
                        -0.0031621820873048824
                    ],
                    [
                        -0.0082980570890904,
                        0.001784902484729057,
                        0.003149236297834701,
                        0.00044237621210281835,
                        0.001110224313741498,
                        0.0007383079009251154,
                        -0.03589699511650726,
                        -0.03311056381479078,
                        -0.009282493518165753,
                        0.2530144124999529,
                        -0.03417351996074739,
                        0.033663821067509314,
                        -0.1796001835243583,
                        0.05552291256578525,
                        -0.054937797217163825,
                        -0.007378162751555485,
                        0.0005294905086384652,
                        -0.0005194378221872326,
                        -0.008323845428106755,
                        -0.0031106505239690482,
                        -0.0017665699604431165,
                        0.015070361850996382,
                        0.00074079272172594,
                        -0.0007749591314046636,
                        -0.03303398140025977,
                        -0.0038494554290412694,
                        0.003944574978718012,
                        0.039093839889132675,
                        0.005886933291344289,
                        -0.006013255476746733,
                        -0.03554723762615952,
                        0.009322551219477327,
                        0.033006148098454306,
                        0.00045747248385277816,
                        -0.0007190241204446399,
                        -0.0011455534565373328
                    ],
                    [
                        0.003848068672021185,
                        -0.0005930958402448551,
                        -0.00046691825906456166,
                        -0.001369245417519701,
                        -0.002224889039337959,
                        0.006301444986765685,
                        -0.047677011849822204,
                        -0.05374779867290391,
                        -0.01162429297090833,
                        -0.03417351996074739,
                        0.19997824050180552,
                        -0.09586903070407433,
                        0.0749059991531673,
                        -0.022732851569171528,
                        0.01936971751038864,
                        -0.00396723066898521,
                        -0.0008091431607140358,
                        -0.002074686224132854,
                        0.0001281455056304434,
                        0.0033005616835908324,
                        -0.0014053006542310825,
                        0.0022219347688794307,
                        0.0005100177985597062,
                        0.006581519421990882,
                        -0.006925789044375116,
                        -0.013839817791633277,
                        0.0071655206000521676,
                        -0.0066637239885581675,
                        -0.09522510069981883,
                        0.09579666907829823,
                        0.014146747046633967,
                        -0.014265297538002361,
                        -0.015326268050825858,
                        0.005591032527226758,
                        -0.0003508256721292836,
                        -0.008448716457655922
                    ],
                    [
                        -9.362961535686054e-05,
                        -0.001410513185418856,
                        0.003292230422826778,
                        -0.005626002787286626,
                        -0.008439088845808188,
                        -0.0003337819878576134,
                        -0.014104569596069752,
                        -0.015154512296458766,
                        -0.014189302325253117,
                        0.033663821067509314,
                        -0.09586903070407433,
                        0.19978777409080475,
                        -0.07431806160353072,
                        0.019439493352850817,
                        -0.02230303351729092,
                        0.003985958482122513,
                        -0.0020936990417434118,
                        -0.0008194936472910707,
                        -0.003826813350210699,
                        -0.0004418320858225293,
                        -0.0005755590998522955,
                        -0.0022450189372872943,
                        0.00658168467066083,
                        0.0005179791338514061,
                        0.0070003526051984274,
                        0.007153379251693813,
                        -0.013873823342573182,
                        0.006538239976220215,
                        0.09576610516561485,
                        -0.09524587855073056,
                        0.04758038069160089,
                        -0.011833163981197211,
                        -0.05403045318209149,
                        0.0013833213062977856,
                        0.006301519423100345,
                        -0.0022266579945426916
                    ],
                    [
                        -0.002096555980194225,
                        0.0018816089005816439,
                        0.00510794999005909,
                        -0.001622907171784066,
                        0.0005074058699458973,
                        0.0005026254219551225,
                        0.00973436542531795,
                        -0.0023455319789343412,
                        0.003969114355417268,
                        -0.1796001835243583,
                        0.0749059991531673,
                        -0.07431806160353072,
                        0.37619597939348304,
                        -0.04225913288532517,
                        0.041129558912767546,
                        -0.18076431371102233,
                        -0.027540540629272425,
                        0.0281568453558654,
                        -0.002112438675856792,
                        -0.005071978096090811,
                        -0.00188899281354463,
                        -0.009372821236035195,
                        -0.0030677515962419903,
                        0.0031199877621227324,
                        0.014571144630084125,
                        0.0006241610419848755,
                        -0.0007129700090271474,
                        -0.03298470170855753,
                        0.007024646495405497,
                        -0.006953329914006413,
                        0.009695283652128496,
                        -0.00396546506173032,
                        0.002207170823476436,
                        -0.0016428510932052012,
                        -0.0004914786810924771,
                        -0.0005249618631599402
                    ],
                    [
                        -0.00046297873599373575,
                        0.001629626859125738,
                        0.00988170520237813,
                        0.006891971142147735,
                        -0.002452018234485985,
                        0.0015988164677855797,
                        0.012604120923326714,
                        -0.03165788235167967,
                        0.011450094897756669,
                        0.05552291256578525,
                        -0.022732851569171528,
                        0.019439493352850817,
                        -0.04225913288532517,
                        0.09245484339877327,
                        -0.04915886854903573,
                        -0.03251827018058333,
                        -0.007237585342895921,
                        0.004096439278944628,
                        0.0005795853387990275,
                        -0.0014162788133454882,
                        -0.005885103694199538,
                        -0.0057335918219029725,
                        -0.0034515590498616286,
                        0.006745576044321008,
                        -0.0007837419334563965,
                        -0.010535058620832184,
                        0.0003195095400841336,
                        0.003974266835409829,
                        -0.01390364633566442,
                        0.007195127223430107,
                        -0.000634445880525164,
                        -0.0027214878518316858,
                        -0.0006582221903277175,
                        0.0026173620999205565,
                        0.002023897911869519,
                        -0.0050235575419823745
                    ],
                    [
                        -0.0005964113822388602,
                        -0.005889559670412314,
                        -0.0014318637566341982,
                        -0.0026255718372080756,
                        -0.005009728915625685,
                        0.0020314074330953086,
                        0.0005770931624072342,
                        -0.0006319081252071403,
                        -0.0027383398518384845,
                        -0.054937797217163825,
                        0.01936971751038864,
                        -0.02230303351729092,
                        0.041129558912767546,
                        -0.04915886854903573,
                        0.09213125012318556,
                        0.033135236042932135,
                        0.004079049357876705,
                        -0.007456207526843301,
                        0.000507270917182074,
                        0.009895150910923077,
                        0.0016373000041691801,
                        0.005778775005869572,
                        0.006738307919442039,
                        -0.0034808566354505924,
                        0.0006935240408498713,
                        0.00031449272782648613,
                        -0.010535387538563281,
                        -0.003879151128912791,
                        0.007184295698189862,
                        -0.013874316193455385,
                        -0.012693161830100445,
                        0.011485626481532688,
                        -0.03154689310733222,
                        -0.006884301104779169,
                        0.0016224146220956605,
                        -0.002433059433041667
                    ],
                    [
                        -0.04365354619422261,
                        -0.06681713646965327,
                        0.011005681644437184,
                        0.0021114037925683143,
                        0.012756864594043415,
                        0.002152587850545014,
                        -0.009216043286156592,
                        0.007396096322989695,
                        -0.0003842126922000283,
                        -0.007378162751555485,
                        -0.00396723066898521,
                        0.003985958482122513,
                        -0.18076431371102233,
                        -0.03251827018058333,
                        0.033135236042932135,
                        0.30282871380271076,
                        0.08580047406692107,
                        -0.08643862710534045,
                        -0.043282404639507215,
                        -0.01086847722450696,
                        0.06675340731138213,
                        -0.019169220808623433,
                        0.0064288159164192435,
                        -0.0063465389655512905,
                        -0.009327977962943115,
                        0.005776735948105401,
                        -0.005731756043143278,
                        0.015059610531406708,
                        -0.0023031316269754853,
                        0.0022812139417497865,
                        -0.009247101935407134,
                        0.00038586064773792755,
                        -0.007374193221466457,
                        0.0020390431627521494,
                        -0.0021916242932531922,
                        -0.012917171309536235
                    ],
                    [
                        -0.04942875729049641,
                        -0.07443107446400114,
                        0.008556086465482698,
                        -0.0029917596770737756,
                        -0.02947507138359813,
                        0.001752396035215275,
                        0.0021659290255128597,
                        0.005959115408978033,
                        -0.0005680097052312219,
                        0.0005294905086384652,
                        -0.0008091431607140358,
                        -0.0020936990417434118,
                        -0.027540540629272425,
                        -0.007237585342895921,
                        0.004079049357876705,
                        0.08580047406692107,
                        0.15517971476702366,
                        -0.03400084916598212,
                        0.0013881404293765304,
                        -0.011712678179554292,
                        0.009492925982456445,
                        -0.006400873869215472,
                        -0.017089445678977487,
                        0.022091742053251803,
                        0.003117144028046014,
                        -0.0035038202619669945,
                        0.006766920750167091,
                        -0.0008342938204567996,
                        0.0005279152859668478,
                        0.006572951845069623,
                        0.0009998648184519378,
                        -0.006211859147331515,
                        -0.007674483780865573,
                        -0.006683794622691322,
                        -0.011196067842929001,
                        -0.014975237263162779
                    ],
                    [
                        -0.001241500509615856,
                        0.009726709697426096,
                        -0.011754521770613945,
                        0.00658354641233693,
                        -0.01504182886828586,
                        -0.011225283471795723,
                        -0.0010149631402179655,
                        -0.007697575965264311,
                        -0.006200520049556582,
                        -0.0005194378221872326,
                        -0.002074686224132854,
                        -0.0008194936472910707,
                        0.0281568453558654,
                        0.004096439278944628,
                        -0.007456207526843301,
                        -0.08643862710534045,
                        -0.03400084916598212,
                        0.15581224281601597,
                        0.049362129016981934,
                        0.008433814959698322,
                        -0.07483835159849335,
                        0.006483786469509575,
                        0.0220467980442994,
                        -0.017092539568657812,
                        -0.003065287810730899,
                        0.006759997059263329,
                        -0.0034786836382560693,
                        0.0007988341143669586,
                        0.006572809163214392,
                        0.0005173923487866096,
                        -0.002104189139391241,
                        -0.0005608763150751397,
                        0.005992226473578471,
                        0.0028772782224918345,
                        0.0017394548033595747,
                        -0.029456260366873183
                    ],
                    [
                        0.005285688500286823,
                        -0.009743351054115015,
                        -0.009722216174829226,
                        -0.020257876725313068,
                        0.0023765606549242552,
                        0.0023325972726263447,
                        0.014541998171094287,
                        0.0007122455587129373,
                        0.0007386892421304136,
                        -0.008323845428106755,
                        0.0001281455056304434,
                        -0.003826813350210699,
                        -0.002112438675856792,
                        0.0005795853387990275,
                        0.000507270917182074,
                        -0.043282404639507215,
                        0.0013881404293765304,
                        0.049362129016981934,
                        0.2874973976062998,
                        0.007586499493542911,
                        0.008059187035056405,
                        -0.042946498840457425,
                        0.049259968642041095,
                        0.0013301020852923284,
                        -0.002102389545492501,
                        0.0004912989599098767,
                        0.0005589256784891312,
                        -0.008327650795581495,
                        -0.00380378249313474,
                        9.373533046880961e-05,
                        -0.012036762172971331,
                        0.0055147261849802925,
                        0.005493298787755438,
                        -0.16793521745439433,
                        -0.05451775026332416,
                        -0.05495497745391074
                    ],
                    [
                        0.00928524539961293,
                        -0.06270782294442481,
                        -0.05963234334356142,
                        0.008952563211926903,
                        -0.011663591804794177,
                        -0.007615416937158439,
                        0.0007218221287431173,
                        -0.0033259929989432474,
                        -0.008300210176438401,
                        -0.0031106505239690482,
                        0.0033005616835908324,
                        -0.0004418320858225293,
                        -0.005071978096090811,
                        -0.0014162788133454882,
                        0.009895150910923077,
                        -0.01086847722450696,
                        -0.011712678179554292,
                        0.008433814959698322,
                        0.007586499493542911,
                        0.1900995582139162,
                        0.0709623371769697,
                        0.0666478089367453,
                        -0.07515842690991123,
                        0.009671375360317456,
                        -0.001860392047195819,
                        0.0016407488379642302,
                        -0.005893330908527221,
                        -0.0017420467475315338,
                        -0.0005615338591001759,
