{
    "Calculation_Info": {
        "Charge": 0,
        "Mult": 1,
        "NumOfAtoms": 12,
        "NumOfAuxCBasisFuncts": 0,
        "NumOfAuxJBasisFuncts": 360,
        "NumOfAuxJKBasisFuncts": 0,
        "NumOfBasisFuncts": 228,
        "NumOfCABSBasisFuncts": 0,
        "NumOfElectrons": 60
    },
    "Calculation_Status": {
        "Status": "NORMAL TERMINATION",
        "progName": "LeanSCF",
        "version": "6.1.1"
    },
    "Calculation_Timings": {
        "GTOINT": 0.5980000000000001,
        "PROP": 11.298000000000002,
        "PROPINT": 38.022,
        "RESPONSE": 31.482000000000006,
        "SCF": 7.339,
        "SUM": 88.739
    },
    "Geometries": [
        {
            "DFT_Energy": {
                "eCNL": 0.0,
                "eCorr": -1.913638670370264,
                "eExchange": -46.827416178728924,
                "eXC": -48.741054849099186,
                "finalEn": -297.79932706159593,
                "nAlphaEl": 30,
                "nBetaEl": 30,
                "nTotalEl": 59
            },
            "Dipole_Moment": [
                {
                    "Irrep": 0,
                    "Level": "Relaxed density",
                    "Method": "SCF",
                    "Mult": 1,
                    "State": -1,
                    "dipoleElecContrib": [
                        [
                            5.696653286812667e-05
                        ],
                        [
                            0.00019252209817092916
                        ],
                        [
                            -2.7824155546212273e-05
                        ]
                    ],
                    "dipoleMagnitude": 0.0002026921998227863,
                    "dipoleNucContrib": [
                        [
                            0.0
                        ],
                        [
                            0.0
                        ],
                        [
                            0.0
                        ]
                    ],
                    "dipoleTotal": [
                        [
                            5.6966532953391796e-05
                        ],
                        [
                            0.00019252209835567027
                        ],
                        [
                            -2.782415563858283e-05
                        ]
                    ],
                    "doAtomicDipole": false
                }
            ],
            "Energy": [
                {
                    "Method": "SCF",
                    "Mult": [
                        [
                            1
                        ]
                    ],
                    "totalEnergy": [
                        [
                            -297.79932706159593
                        ]
                    ]
                }
            ],
            "Geometry": {
                "Coordinates": {
                    "Cartesians": [
                        [
                            "B",
                            3.647548632449,
                            1.108089314615,
                            1.117748430672
                        ],
                        [
                            "B",
                            1.094720082831,
                            2.058149182034,
                            2.061034108519
                        ],
                        [
                            "B",
                            -1.85240695289,
                            1.474405668307,
                            1.469471936061
                        ],
                        [
                            "B",
                            -3.646559650814,
                            -1.107787199575,
                            1.119713513632
                        ],
                        [
                            "B",
                            -1.093236637497,
                            -2.057890023584,
                            2.062366270215
                        ],
                        [
                            "B",
                            1.853365952887,
                            -1.474297030573,
                            1.467798284961
                        ],
                        [
                            "B",
                            3.639397999591,
                            -1.130654829833,
                            -1.119948473848
                        ],
                        [
                            "B",
                            1.861180049979,
                            1.462557272285,
                            -1.468331010444
                        ],
                        [
                            "B",
                            -1.082293170002,
                            2.063894103163,
                            -2.062326471781
                        ],
                        [
                            "B",
                            -3.640513743371,
                            1.130822637744,
                            -1.117640406273
                        ],
                        [
                            "B",
                            -1.861948611483,
                            -1.46290030261,
                            -1.467161291148
                        ],
                        [
                            "B",
                            1.08074604832,
                            -2.064388791973,
                            -2.062724890565
                        ]
                    ],
                    "Type": "Cartesians",
                    "Units": "a.u."
                },
                "NAtoms": 12,
                "NCorelessECP": 0,
                "NGhostAtoms": 0
            },
            "Hessian": {
                "HESSIAN": [
                    [
                        0.33324621550552325,
                        -0.027421422390227105,
                        -0.026726660529466227,
                        -0.2163830795956647,
                        0.06772064301276143,
                        0.0671530878829393,
                        -0.00398408987172396,
                        -0.001490209215275616,
                        -0.0015034567930192894,
                        -0.0014201584928431044,
                        0.0007790697607303956,
                        -0.0027936147430433766,
                        -0.004531370342017463,
                        -0.0027217428807104864,
                        0.0021807418274177315,
                        -0.03910695573831435,
                        -0.044756696013125784,
                        0.0037365591777392612,
                        -0.01780812339856419,
                        0.0110242740040137,
                        0.01095345663829185,
                        -0.038902784379650335,
                        0.003776739419528139,
                        -0.0447617974575841,
                        -0.004445116224806523,
                        0.002226600156982334,
                        -0.0026986000362428687,
                        -0.0014203188425993551,
                        -0.002790016512541932,
                        0.0008013284437628637,
                        0.0004827932104862903,
                        -0.002506109050582718,
                        -0.002508605594477624,
                        -0.0057270118298255596,
                        -0.0036864042857343016,
                        -0.0036766369138855684
                    ],
                    [
                        -0.027421422390227105,
                        0.20279542889808405,
                        0.06935116904446308,
                        0.07998254061555544,
                        -0.034131015193685,
                        -0.02763801566784569,
                        0.005714425492780017,
                        0.004620490955590896,
                        0.002311667965190992,
                        0.0007823652999253139,
                        -0.0057003898211641455,
                        -0.0022077936343355073,
                        -0.003577009592096214,
                        0.0003194462520930332,
                        -0.008930964060336215,
                        -0.062410044972015175,
                        -0.08082799285399513,
                        0.019839188106435986,
                        -0.011344626583034673,
                        -0.05876202679770709,
                        -0.06794036248201621,
                        0.013032745312005819,
                        -0.015357653158844659,
                        0.012554839011362309,
                        0.009105163705972344,
                        0.0014170854967996017,
                        0.01067322740867081,
                        0.002804428878540745,
                        0.0011864807985919913,
                        0.0022169926237546912,
                        -0.004513529754464573,
                        -0.00256193025106513,
                        -0.0031722729468615088,
                        -0.0023097620187599957,
                        -0.01299792432469842,
                        -0.007056544046891993
                    ],
                    [
                        -0.026726660529466227,
                        0.06935116904446308,
                        0.20288192664590096,
                        0.0794157812077921,
                        -0.027670441475751463,
                        -0.033737256397273034,
                        0.005710534745198857,
                        0.002308856042044687,
                        0.004626424914635308,
                        0.002796643560341837,
                        0.0022128282461882816,
                        0.0011690781504356644,
                        0.009131902976001543,
                        0.010654536547951296,
                        0.001438602908175407,
                        0.013004366010848735,
                        0.012373479625068715,
                        -0.015328118956734221,
                        -0.011427554791676696,
                        -0.0678608459922467,
                        -0.058761728129558016,
                        -0.062394235188607025,
                        0.020028459280185613,
                        -0.08134023366293526,
                        -0.0036045335097230737,
                        -0.008914854059986013,
                        0.0003236788447519307,
                        0.0007811555104874357,
                        -0.0022199130783570054,
                        -0.005685692301308927,
                        -0.004506415119156983,
                        -0.0031863841009271794,
                        -0.002572211059483489,
                        -0.0023367867744724705,
                        -0.007078021400224021,
                        -0.013014470956606334
                    ],
                    [
                        -0.2163830795956647,
                        0.07998254061555544,
                        0.0794157812077921,
                        0.39952951598485764,
                        -0.047647380423160995,
                        -0.046707978119974305,
                        -0.1704982446317434,
                        -0.02135353360806541,
                        -0.02178042936179481,
                        -0.0045278400986390605,
                        -0.003565771356168294,
                        -0.009123411624546664,
                        0.002672300856725475,
                        0.005511509407748298,
                        -0.0034134116415722895,
                        0.0003365714917508908,
                        -0.006336073445135616,
                        0.007738550928790704,
                        -0.005698702565372943,
                        0.002271254677891565,
                        0.0022874944082924946,
                        0.00035664209551161327,
                        0.00776419909200806,
                        -0.0062612478526969636,
                        0.002639484545583327,
                        -0.003390122534228563,
                        0.0055369444016050776,
                        -0.004545386875041333,
                        -0.00907348614120346,
                        -0.003554146474867296,
                        -0.012833736446747348,
                        -0.0031897992844726504,
                        -0.0031961206846637513,
                        0.008952475238779855,
                        -0.0008894579172654179,
                        -0.0008554605124431753
                    ],
                    [
                        0.06772064301276143,
                        -0.034131015193685,
                        -0.027670441475751463,
                        -0.047647380423160995,
                        0.09598816710633187,
                        0.05226961792485789,
                        -0.031428684761969,
                        -0.014652917637440463,
                        -0.007933865227591014,
                        -0.002727823968354786,
                        0.0003263465860829356,
                        -0.010653236614893213,
                        0.005509095753560192,
                        -0.0013227885279741107,
                        -0.00596408421881561,
                        0.005809133697178469,
                        -0.0185011849345696,
                        -0.008681933211072301,
                        0.003634211270637566,
                        -0.013038274124458484,
                        -0.0070996731317547485,
                        -0.00024059988304206761,
                        -0.005286413614363729,
                        0.004664378449338289,
                        0.0033989169712184417,
                        0.0021516441851320116,
                        0.0059496790563074,
                        -0.00218852608748488,
                        0.0014817783669789312,
                        0.00893928949715014,
                        -0.0027208829240507977,
                        -0.007243710646479077,
                        -0.0007690599480765677,
                        0.0007980182592034826,
                        -0.005771631565555279,
                        -0.003052130385604872
                    ],
                    [
                        0.0671530878829393,
                        -0.02763801566784569,
                        -0.033737256397273034,
                        -0.046707978119974305,
                        0.05226961792485789,
                        0.09583945264032727,
                        -0.031841026753843586,
                        -0.007911520621055653,
                        -0.014797063593310449,
                        -0.002184018745494235,
                        0.008934005886781535,
                        0.0014512778135563256,
                        0.003406680221502927,
                        0.005962469003521919,
                        0.0021424541252111646,
                        -0.00021966750202046838,
                        0.004662785103921853,
                        -0.005255257439721066,
                        0.0036389966615436517,
                        -0.0070829213689538924,
                        -0.013025867263706501,
                        0.005856922859565503,
                        -0.008706839696490012,
                        -0.01858798381145176,
                        0.005492210840955719,
                        -0.005989801177514107,
                        -0.0013073170792886092,
                        -0.002775537001793199,
                        -0.0106680756834535,
                        0.000301375425377632,
                        -0.0027306850794683243,
                        -0.000768279199893758,
                        -0.0072509949308862095,
                        0.0008244500621659,
                        -0.003061965217970506,
                        -0.005772819488834754
                    ],
                    [
                        -0.00398408987172396,
                        0.005714425492780017,
                        0.005710534745198857,
                        -0.1704982446317434,
                        -0.031428684761969,
                        -0.031841026753843586,
                        0.2939333626127373,
                        0.07808365523083129,
                        0.07868391161243646,
                        -0.03913253329491595,
                        -0.062472678697593584,
                        -0.013008615782163061,
                        0.0003158229326639603,
                        0.005813569844674446,
                        0.0002148751710005191,
                        -0.007166445284833366,
                        0.0056252042133754995,
                        -0.0015337606163154278,
                        0.0005288845050833019,
                        0.004493301976840426,
                        0.004478928308063252,
                        -0.0071831871902747636,
                        -0.0015090353161662795,
                        0.005575890454031045,
                        0.0003354517687828816,
                        0.00023634956810986846,
                        0.0058360245885562476,
                        -0.03892172110594766,
                        -0.012860482343234163,
                        -0.062383210911140324,
                        -0.015432306274098154,
                        0.005477148486552833,
                        0.005470516038048591,
                        -0.012794994165730171,
                        0.0027466986669063918,
                        0.002711911828640436
                    ],
                    [
                        -0.001490209215275616,
                        0.004620490955590896,
                        0.002308856042044687,
                        -0.02135353360806541,
                        -0.014652917637440463,
                        -0.007911520621055653,
                        0.07808365523083129,
                        0.14888815188578775,
                        0.048958153403111354,
                        -0.04481772845201798,
                        -0.08087541040752701,
                        -0.012390834918997763,
                        -0.006329659474421882,
                        -0.01849891562431397,
                        -0.004658305133827267,
                        0.005613412082871121,
                        0.0017594457261978363,
                        -0.010028690225588366,
                        0.0024798734806030995,
                        -0.002599917415819465,
                        -0.003203954148950354,
                        0.0015441017722391225,
                        -0.00092011341443448,
                        0.010006781910350492,
                        -0.007781643207793584,
                        -0.005235819407395477,
                        0.008634270335201942,
                        -0.0036260026494114826,
                        -0.015293012664200856,
                        -0.019616428217932115,
                        -0.005456207327168564,
                        -0.009925018664949187,
                        -0.011307353754038619,
                        0.0032144690065021454,
                        -0.007266963331495568,
                        -0.0007909728401594967
                    ],
                    [
                        -0.0015034567930192894,
                        0.002311667965190992,
                        0.004626424914635308,
                        -0.02178042936179481,
                        -0.007933865227591014,
                        -0.014797063593310449,
                        0.07868391161243646,
                        0.048958153403111354,
                        0.14922170098913726,
                        -0.00373165850848178,
                        -0.019848850452057167,
                        -0.015301369866928927,
                        -0.007754894500137232,
                        0.008673119085276473,
                        -0.005254814020709084,
                        0.0015381677015629223,
                        0.010029633636748695,
                        -0.0008917439007631173,
                        0.002489930117780717,
                        -0.003187113654302994,
                        -0.0025772403543921083,
                        0.0055315305085264395,
                        -0.01005123424770546,
                        0.0017965310790966508,
                        -0.006322273953183418,
                        -0.004667354887318564,
                        -0.018405569655389357,
                        -0.0447312467334393,
                        -0.012232246333828807,
                        -0.08123362192103503,
                        -0.005517900664826656,
                        -0.011272032489298263,
                        -0.009926005208890226,
                        0.0031823418920629235,
                        -0.0007798786283840908,
                        -0.007257228461450923
                    ],
                    [
                        -0.0014201584928431044,
                        0.0007823652999253139,
                        0.002796643560341837,
                        -0.0045278400986390605,
                        -0.002727823968354786,
                        -0.002184018745494235,
                        -0.03913253329491595,
                        -0.04481772845201798,
                        -0.00373165850848178,
                        0.3331666913894123,
                        -0.027390686450483627,
                        0.02659102778646827,
                        -0.21630239188115666,
                        0.0676802902972282,
                        -0.06702230829174795,
                        -0.004001017594213672,
                        -0.0014961077046089233,
                        0.001499061878801583,
                        -0.0014213381379896695,
                        -0.0027826687530826885,
                        -0.0008018195456432967,
                        0.0004901149673004618,
                        -0.0025046020757533635,
                        0.0025118350703761186,
                        -0.005730566459703393,
                        -0.0036827122730672263,
                        0.0036728324932340933,
                        -0.017805718915671953,
                        0.01108217317344734,
                        -0.010989331798914467,
                        -0.03885581409016495,
                        0.003781562365913607,
                        0.04479497984140378,
                        -0.004459427391414382,
                        0.0022302568830369577,
                        0.0027070203542211915
                    ],
                    [
                        0.0007790697607303956,
                        -0.0057003898211641455,
                        0.0022128282461882816,
                        -0.003565771356168294,
                        0.0003263465860829356,
                        0.008934005886781535,
                        -0.062472678697593584,
                        -0.08087541040752701,
                        -0.019848850452057167,
                        -0.027390686450483627,
                        0.2028918096715841,
                        -0.0693298123354603,
                        0.07992209049909552,
                        -0.03412419481820944,
                        0.027581584702413838,
                        0.005725472328516876,
                        0.0046127668672344534,
                        -0.0023136273305992042,
                        0.002799108110692325,
                        0.0011767127249240582,
                        -0.0022183422013259436,
                        -0.004527260296398491,
                        -0.002552474238797551,
                        0.0031702348880868368,
                        -0.002290268210191325,
                        -0.012997099977297612,
                        0.00706910244650568,
                        -0.011279709965106494,
                        -0.05883206525795277,
                        0.0680169525399578,
                        0.013040020113279382,
                        -0.015341959057546817,
                        -0.012591933980279572,
                        0.009106295821444491,
                        0.0014159577286697884,
                        -0.010683382387975709
                    ],
                    [
                        -0.0027936147430433766,
                        -0.0022077936343355073,
                        0.0011690781504356644,
                        -0.009123411624546664,
                        -0.010653236614893213,
                        0.0014512778135563256,
                        -0.013008615782163061,
                        -0.012390834918997763,
                        -0.015301369866928927,
                        0.02659102778646827,
                        -0.0693298123354603,
                        0.203008769862647,
                        -0.07927335749452984,
                        0.027627796361689477,
                        -0.03367239063850612,
                        -0.005711302795433949,
                        -0.002306156233871184,
                        0.00462134527466246,
                        -0.0007834870626520704,
                        0.0022316603535073067,
                        -0.005689544244564148,
                        0.004521643715574307,
                        0.0031754318301867547,
                        -0.0025692682670200332,
                        0.0023372260949246593,
                        0.0070926279818773995,
                        -0.013026086606598267,
                        0.011372297420650802,
                        0.06792456623136468,
                        -0.05883384186458765,
                        0.062424851051988556,
                        -0.020080855162402062,
                        -0.08147049114500615,
                        0.0036024793381972207,
                        0.008917846119098325,
                        0.0003125215319098613
                    ],
                    [
                        -0.004531370342017463,
                        -0.003577009592096214,
                        0.009131902976001543,
                        0.002672300856725475,
                        0.005509095753560192,
                        0.003406680221502927,
                        0.0003158229326639603,
                        -0.006329659474421882,
                        -0.007754894500137232,
                        -0.21630239188115666,
                        0.07992209049909552,
                        -0.07927335749452984,
                        0.39936109728557373,
                        -0.04763140980115516,
                        0.046451131443052115,
                        -0.170409671905578,
                        -0.02133841313169837,
                        0.02193485786659113,
                        -0.004544927660371338,
                        -0.009078799155289004,
                        0.0035558123540037033,
                        -0.012839752711089326,
                        -0.0031729149628407817,
                        0.0031890928091353396,
                        0.008964382803450069,
                        -0.0008772231362343518,
                        0.0008423436359488636,
                        -0.005682916132935853,
                        0.0022655698569616217,
                        -0.002291812596193755,
                        0.0003644831308270459,
                        0.007780572347871573,
                        0.006256829859793349,
                        0.002632943623908328,
                        -0.0033883800033377856,
                        -0.005535736001171698
                    ],
                    [
                        -0.0027217428807104864,
                        0.0003194462520930332,
                        0.010654536547951296,
                        0.005511509407748298,
                        -0.0013227885279741107,
                        0.005962469003521919,
                        0.005813569844674446,
                        -0.01849891562431397,
                        0.008673119085276473,
                        0.0676802902972282,
                        -0.03412419481820944,
                        0.027627796361689477,
                        -0.04763140980115516,
                        0.09595219157347812,
                        -0.052214646814929766,
                        -0.03140143258717021,
                        -0.014632140113930374,
                        0.007953055731438483,
                        -0.0021938476417564575,
                        0.0014822674526667086,
                        -0.008936876049088032,
                        -0.0027237218403588555,
                        -0.007240230962535715,
                        0.0007696900508783779,
                        0.0008033692325871734,
                        -0.005771433135754138,
                        0.0030514519685591887,
                        0.0036392649323568893,
                        -0.01303127567505347,
                        0.007091662380631638,
                        -0.0002483499898483007,
                        -0.005281673271884035,
                        -0.004681643666367152,
                        0.003388981825989081,
                        0.0021487468514174123,
                        -0.005949074989289688
                    ],
                    [
                        0.0021807418274177315,
                        -0.008930964060336215,
                        0.001438602908175407,
                        -0.0034134116415722895,
                        -0.00596408421881561,
                        0.0021424541252111646,
                        0.0002148751710005191,
                        -0.004658305133827267,
                        -0.005254814020709084,
                        -0.06702230829174795,
                        0.027581584702413838,
                        -0.03367239063850612,
                        0.046451131443052115,
                        -0.052214646814929766,
                        0.0957744942169618,
                        0.0319831061843065,
                        0.007918229997200682,
                        -0.014841118110884018,
                        0.0027822998653828437,
                        0.010671471147543595,
                        0.0002998647922217313,
                        0.0027354046208220018,
                        0.0007698001566862969,
                        -0.0072599056310103365,
                        -0.0008390088346409662,
                        0.003062707486287281,
                        -0.0057720545766949925,
                        -0.0036402796794731823,
                        0.0070738325021051755,
                        -0.013019498693797215,
                        -0.005851619195323295,
                        0.008698157077891129,
                        -0.018534862483366294,
                        -0.005493782043220492,
                        0.005990677547508661,
                        -0.0013007718876020188
                    ],
                    [
                        -0.03910695573831435,
                        -0.062410044972015175,
                        0.013004366010848735,
                        0.0003365714917508908,
                        0.005809133697178469,
                        -0.00021966750202046838,
                        -0.007166445284833366,
                        0.005613412082871121,
                        0.0015381677015629223,
                        -0.004001017594213672,
                        0.005725472328516876,
                        -0.005711302795433949,
                        -0.170409671905578,
                        -0.03140143258717021,
                        0.0319831061843065,
                        0.2938338024742313,
                        0.07801278972666753,
                        -0.0789089810358175,
                        -0.03891926853032282,
                        -0.012875810459592425,
                        0.06248701843891179,
                        -0.015423745365235636,
                        0.005488935972284333,
                        -0.005460739701900864,
                        -0.012806959808807465,
                        0.0027458991307277294,
                        -0.002708812354796846,
                        0.0005158885597608825,
                        0.004492282527943495,
                        -0.004475923878286232,
                        -0.00718134226349945,
                        -0.0015107945051525615,
                        -0.005573329443359632,
                        0.00032914396506170465,
                        0.00022996785680292654,
                        -0.005869057571001493
                    ],
                    [
                        -0.044756696013125784,
                        -0.08082799285399513,
                        0.012373479625068715,
                        -0.006336073445135616,
                        -0.0185011849345696,
                        0.004662785103921853,
                        0.0056252042133754995,
                        0.0017594457261978363,
                        0.010029633636748695,
                        -0.0014961077046089233,
                        0.0046127668672344534,
                        -0.002306156233871184,
                        -0.02133841313169837,
                        -0.014632140113930374,
                        0.007918229997200682,
                        0.07801278972666753,
                        0.14882368947817326,
                        -0.049012082497908324,
                        -0.003624706662515225,
                        -0.015273241210371047,
                        0.019664585304651518,
                        -0.005452427336937925,
                        -0.009925942045587458,
                        0.011321609143730184,
                        0.003214868029618855,
                        -0.00727075745141312,
                        0.0007945379227990833,
                        0.0024853864891545563,
                        -0.0026026918303332248,
                        0.003206965698887193,
                        0.0015393644249175331,
                        -0.0009259451649831218,
                        -0.01000833676197288,
                        -0.00779299938877424,
                        -0.005236006466422501,
                        -0.008645290799979458
                    ],
                    [
                        0.0037365591777392612,
                        0.019839188106435986,
                        -0.015328118956734221,
                        0.007738550928790704,
                        -0.008681933211072301,
                        -0.005255257439721066,
                        -0.0015337606163154278,
                        -0.010028690225588366,
                        -0.0008917439007631173,
                        0.001499061878801583,
                        -0.0023136273305992042,
                        0.00462134527466246,
                        0.02193485786659113,
                        0.007953055731438483,
                        -0.014841118110884018,
                        -0.0789089810358175,
                        -0.049012082497908324,
                        0.1495527754769474,
                        0.04482184003222385,
                        0.012273654947714444,
                        -0.08145384779407433,
                        0.005526627803284976,
                        0.011284888594505993,
                        -0.009930390862231492,
                        -0.0031884897326460455,
                        0.0007782031996744817,
                        -0.007256566425710936,
                        -0.0024888925426888586,
                        0.0031870625671351176,
                        -0.0025769613079513797,
                        -0.005529678278317466,
                        0.010054572985832578,
                        0.0018095232121334718,
                        0.006307460465340839,
                        0.004665746993155029,
                        -0.01844963916567275
                    ],
                    [
                        -0.01780812339856419,
                        -0.011344626583034673,
                        -0.011427554791676696,
                        -0.005698702565372943,
                        0.003634211270637566,
                        0.0036389966615436517,
                        0.0005288845050833019,
                        0.0024798734806030995,
                        0.002489930117780717,
                        -0.0014213381379896695,
                        0.002799108110692325,
                        -0.0007834870626520704,
                        -0.004544927660371338,
                        -0.0021938476417564575,
                        0.0027822998653828437,
                        -0.03891926853032282,
                        -0.003624706662515225,
                        0.04482184003222385,
                        0.33388213677510203,
                        0.026692205572069944,
                        0.027243318590728406,
                        -0.03849594627410799,
                        0.044555997587949356,
                        -0.0036136313105012037,
                        -0.004478990229234977,
                        0.002760521299163928,
                        -0.002238668485752918,
                        -0.0014299919152401253,
                        -0.0008120864858953483,
                        0.002785923091346107,
                        -0.004033514903184279,
                        0.001554560847399064,
                        0.0014954790370870982,
                        -0.21758021766579705,
                        -0.0666562209328369,
                        -0.06734826371082561
                    ],
                    [
                        0.0110242740040137,
                        -0.05876202679770709,
                        -0.0678608459922467,
                        0.002271254677891565,
                        -0.013038274124458484,
                        -0.0070829213689538924,
                        0.004493301976840426,
                        -0.002599917415819465,
                        -0.003187113654302994,
                        -0.0027826687530826885,
                        0.0011767127249240582,
                        0.0022316603535073067,
                        -0.009078799155289004,
                        0.0014822674526667086,
                        0.010671471147543595,
                        -0.012875810459592425,
                        -0.015273241210371047,
                        0.012273654947714444,
                        0.026692205572069944,
                        0.2025249035744663,
                        0.06921912604842413,
                        0.062215059068825615,
                        -0.08154007529794517,
                        0.019798161964108506,
                        0.0036173441086530525,
                        0.0002801676903349745,
                        -0.008923167977136506,
                        -0.0008054850579275741,
                        -0.0056892233718394795,
                        -0.0022289656859336322,
